2020-11-18 18:44:58	327900 1134545	62239 253423	43974 201344	30250 105988	20828 77170
2020-11-18 19:15:39	327900 1134545	62239 253423	43974 201344	30250 105988	20828 77170
2020-11-18 19:46:30	327900 1134545	62239 253423	43974 201344	30250 105988	20828 77176
2020-11-18 20:55:16	327900 1134545	62239 253423	43974 201344	30250 105988	20828 77176
2020-11-18 21:26:01	327900 1134545	62239 253423	43974 201344	30250 105988	20828 77176
2020-11-18 21:56:45	327900 1134968	62239 253423	43974 201344	30250 105988	20828 77176
2020-11-19 6:09:46	328077 1135148	62309 253478	43974 201365	30263 106003	20836 77185
2020-11-19 6:40:47	328077 1135148	62309 253478	43974 201365	30263 106003	20836 77185
2020-11-19 7:11:34	328077 1135148	62309 253535	43974 201365	30263 106003	20836 77185
2020-11-19 7:42:24	328077 1135148	62309 253535	43988 201393	30263 106014	20836 77185
2020-11-19 8:13:09	328077 1135148	62309 253535	43988 201393	30263 106014	20836 77185
2020-11-19 8:43:56	328077 1135148	62309 253535	43988 201393	30263 106014	20836 77185
2020-11-19 9:14:47	328077 1135148	62309 253535	43988 201393	30263 106014	20836 77185
2020-11-19 9:45:34	328077 1135148	62309 253535	43988 201393	30263 106014	20836 77185
2020-11-19 10:16:26	328077 1135148	62309 253535	43988 201393	30263 106014	20836 77185
2020-11-19 10:47:11	328077 1135148	62309 253535	43988 201393	30263 106014	20836 77185
2020-11-19 11:18:04	328077 1135148	62309 253535	43988 201393	30263 106014	20836 77185
2020-11-19 12:41:14	328077 1135148	62309 253535	43988 201393	30263 106014	20836 77188
2020-11-19 13:22:21	328077 1135148	62309 253535	43988 201393	30263 106014	20836 77188
2020-11-19 13:53:11	328074 1135359	62309 253535	43988 201393	30263 106042	20836 77188
2020-11-19 14:23:59	328074 1135359	62309 253535	43988 201393	30263 106042	20836 77188
2020-11-19 14:54:42	328074 1135359	62309 253615	43988 201393	30263 106042	20836 77188
2020-11-19 15:25:27	328074 1135359	62309 253615	43988 201410	30263 106042	20836 77188
2020-11-19 15:56:13	328074 1135359	62309 253615	43988 201410	30263 106042	20836 77188
2020-11-19 16:27:01	328074 1135359	62309 253615	43988 201410	30263 106042	20836 77188
2020-11-19 16:57:48	328074 1135359	62309 253615	43988 201410	30263 106042	20836 77188
2020-11-19 17:28:33	328074 1135359	62309 253615	43988 201410	30263 106042	20836 77188
2020-11-19 17:59:15	328074 1135359	62309 253615	43988 201410	30263 106042	20836 77188
2020-11-19 21:46:52	328074 1135359	62309 253615	43988 201410	30263 106042	20836 77199
2020-11-19 22:17:54	328074 1135359	62309 253676	43988 201410	30263 106042	20836 77199
2020-11-19 22:48:46	328074 1135359	62309 253676	43988 201410	30263 106042	20836 77199
2020-11-20 6:48:29	328266 1135585	62367 253676	44025 201460	30280 106054	20847 77218
2020-11-20 7:39:01	328266 1135585	62367 253676	44025 201460	30280 106054	20847 77218
2020-11-20 8:09:47	328266 1135585	62367 253676	44025 201460	30280 106054	20847 77218
2020-11-20 8:40:36	328266 1135585	62367 253676	44025 201460	30280 106054	20847 77218
2020-11-20 9:11:23	328266 1135585	62367 253676	44025 201460	30280 106054	20847 77218
2020-11-20 9:42:14	328266 1135585	62367 253676	44025 201460	30280 106054	20847 77218
2020-11-20 10:13:15	328266 1135585	62367 253676	44025 201460	30280 106054	20847 77218
2020-11-20 10:43:58	328266 1135585	62367 253676	44025 201460	30280 106054	20847 77218
2020-11-20 11:14:46	328266 1135585	62367 253676	44025 201460	30280 106054	20847 77224
2020-11-20 11:45:34	328266 1135585	62367 253676	44025 201460	30280 106054	20847 77224
2020-11-20 12:16:19	328266 1135585	62367 253676	44025 201460	30280 106054	20847 77224
2020-11-20 12:47:04	328265 1135862	62367 253676	44025 201460	30280 106054	20847 77224
2020-11-20 15:56:17	328265 1135862	62367 253676	44025 201593	30280 106127	20847 77224
2020-11-20 16:27:08	328265 1135862	62367 254028	44025 201593	30280 106127	20847 77224
2020-11-20 16:57:52	328265 1135862	62367 254028	44025 201593	30280 106127	20847 77224
2020-11-20 17:28:36	328265 1135862	62367 254028	44025 201593	30280 106127	20847 77224
2020-11-20 17:59:21	328265 1135862	62367 254028	44025 201593	30280 106127	20847 77224
2020-11-20 18:30:22	NA
2020-11-20 19:01:01	328265 1135862	62367 254028	44025 201593	30280 106127	20847 77283
2020-11-20 19:31:45	328265 1135862	62367 254028	44025 201593	30280 106127	20847 77283
2020-11-20 20:02:30	328265 1135862	62367 254028	44025 201593	30280 106127	20847 77283
2020-11-20 20:33:24	328265 1135862	62367 254028	44025 201593	30280 106127	20847 77283
2020-11-20 21:04:11	328265 1135862	62367 254028	44025 201593	30280 106127	20847 77283
2020-11-20 21:34:57	328265 1135862	62367 254028	44025 201593	30280 106127	20847 77283
2020-11-20 22:05:49	NA
2020-11-21 5:51:06	328274 1137324	62367 254161	44025 201651	30281 106164	20849 77323
2020-11-21 6:21:52	328274 1137324	62367 254161	44026 201691	30281 106164	20849 77323
2020-11-21 7:18:10	328274 1137324	62371 254243	44026 201691	30281 106164	20849 77323
2020-11-21 7:48:56	328274 1137324	62371 254243	44026 201691	30281 106164	20849 77323
2020-11-21 8:19:45	328274 1137324	62371 254243	44026 201691	30281 106164	20849 77323
2020-11-21 8:50:31	328274 1137324	62371 254243	44026 201691	30281 106164	20849 77323
2020-11-21 9:21:17	328274 1137324	62371 254243	44026 201691	30281 106164	20849 77323
2020-11-21 9:52:03	328274 1137324	62371 254243	44026 201691	30281 106164	20849 77323
2020-11-21 10:39:27	328274 1137324	62371 254243	44026 201691	30281 106164	20849 77323
2020-11-21 11:10:22	328274 1137324	62371 254243	44026 201691	30281 106164	20849 77338
2020-11-21 16:01:58	328274 1137601	62371 254412	44026 201757	30281 106196	20849 77338
2020-11-21 16:32:52	328274 1137601	62371 254412	44026 201757	30281 106196	20849 77338
2020-11-21 17:22:37	328274 1137601	62371 254412	44026 201757	30281 106196	20849 77338
2020-11-21 17:53:23	328274 1137601	62371 254412	44026 201757	30281 106196	20849 77338
2020-11-21 18:24:10	328274 1137601	62371 254412	44026 201757	30281 106196	20849 77338
2020-11-21 18:54:55	328274 1137601	62371 254412	44026 201757	30281 106196	20848 77362
2020-11-21 19:25:39	328274 1137601	62371 254412	44026 201757	30281 106196	20848 77362
2020-11-21 19:56:27	328274 1138104	62371 254412	44026 201757	30281 106196	20848 77362
2020-11-21 20:56:01	328274 1138104	62371 254412	44026 201757	30281 106196	20848 77362
2020-11-21 21:26:44	328274 1138104	62371 254412	44026 201757	30281 106215	20848 77362
2020-11-21 21:57:30	328274 1138104	62371 254515	44026 201819	30281 106215	20848 77362
2020-11-21 22:28:11	328274 1138104	62371 254515	44026 201819	30281 106215	20848 77362
2020-11-22 6:44:00	328286 1138459	62373 254515	44027 201819	30282 106215	20848 77377
2020-11-22 7:14:48	328286 1138459	62373 254515	44027 201819	30282 106215	20848 77377
2020-11-22 7:57:27	328286 1138459	62373 254515	44027 201819	30282 106215	20848 77377
2020-11-22 8:28:17	328286 1138459	62373 254515	44027 201819	30282 106215	20848 77377
2020-11-22 8:59:04	328286 1138459	62373 254515	44027 201819	30282 106215	20848 77377
2020-11-22 9:29:49	328286 1138459	62373 254515	44027 201819	30282 106215	20848 77377
2020-11-22 10:11:50	328286 1138459	62373 254515	44027 201819	30282 106215	20848 77377
2020-11-22 10:42:33	328286 1138459	62373 254515	44027 201819	30282 106215	20848 77377
2020-11-22 11:13:18	328286 1138459	62373 254515	44027 201819	30282 106215	20848 77377
2020-11-22 12:02:10	328286 1138787	62373 254515	44027 201819	30282 106215	20848 77377
2020-11-22 12:33:10	328286 1138787	62373 254515	44027 201819	30282 106215	20848 77377
2020-11-22 13:04:13	328286 1138787	62373 254729	44027 201926	30283 106262	20848 77377
2020-11-22 14:15:54	328286 1138787	62373 254729	44027 201926	30283 106262	20848 77377
2020-11-22 14:46:44	328286 1138787	62373 254729	44027 201926	30283 106262	20848 77377
2020-11-22 15:17:30	328286 1138787	62373 254729	44027 201926	30283 106262	20848 77377
2020-11-22 15:48:18	328286 1138787	62373 254729	44027 201926	30283 106262	20848 77377
2020-11-22 16:19:06	328286 1138787	62373 254729	44027 201926	30283 106262	20848 77377
2020-11-22 16:49:56	328286 1138787	62373 254729	44027 201926	30283 106262	20848 77377
2020-11-22 17:20:43	328286 1138787	62373 254729	44027 201926	30283 106262	20848 77377
2020-11-22 17:51:33	328286 1138787	62373 254729	44027 201926	30283 106262	20848 77401
2020-11-22 17:59:56	328286 1138787	62373 254729	44027 201926	30283 106262	20848 77401
2020-11-22 18:30:46	328286 1138787	62373 254729	44027 201926	30283 106262	20848 77401
2020-11-22 19:01:32	328286 1138787	62373 254729	44027 201926	30283 106262	20848 77401
2020-11-22 19:32:21	328283 1139240	62373 254729	44027 201926	30283 106262	20848 77401
2020-11-22 20:03:09	328283 1139240	62373 254729	44027 201926	30283 106262	20848 77401
2020-11-22 20:33:58	328283 1139240	62373 254729	44027 201926	30283 106262	20848 77401
2020-11-22 21:04:44	328283 1139240	62373 254729	44027 201926	30283 106262	20848 77401
2020-11-22 21:35:27	NA
2020-11-22 22:06:11	328283 1139240	62373 254729	44027 201926	30283 106262	20848 77401
2020-11-23 7:28:40	328298 1139724	62381 254888	44027 201995	30284 106298	20849 77455
2020-11-23 7:59:33	328298 1139724	62381 254888	44027 202052	30284 106298	20849 77455
2020-11-23 10:24:34	328298 1139724	62381 254888	44027 202052	30284 106333	20849 77455
2020-11-23 10:55:24	NA
2020-11-23 11:26:26	328298 1140135	62381 254888	44027 202052	30284 106333	20849 77455
2020-11-23 11:57:27	328298 1140135	62381 255027	44027 202052	30284 106333	20849 77455
2020-11-23 12:28:19	328298 1140135	62381 255027	44027 202052	30284 106333	20849 77455
2020-11-23 12:59:24	328298 1140135	62381 255027	44027 202052	30284 106333	20849 77455
2020-11-23 13:30:11	328298 1140135	62381 255027	44027 202052	30284 106333	20849 77455
2020-11-23 14:01:03	NA
2020-11-23 14:45:38	328298 1140135	62381 255027	44027 202052	30284 106333	20849 77471
2020-11-23 15:16:24	328298 1140135	62381 255027	44027 202052	30284 106333	20849 77471
2020-11-23 16:22:35	328298 1140135	62381 255027	44027 202123	30284 106378	20849 77471
2020-11-23 16:53:34	328298 1140135	62381 255027	44027 202123	30284 106378	20849 77471
2020-11-23 17:24:23	328298 1140135	62381 255027	44027 202123	30284 106378	20849 77471
2020-11-23 17:55:15	328298 1140135	62381 255027	44027 202123	30284 106378	20849 77471
2020-11-23 18:26:05	NA
2020-11-23 18:56:57	328297 1140661	62381 255027	44027 202123	30284 106378	20849 77471
2020-11-23 19:27:47	328297 1140661	62381 255195	44027 202123	30284 106378	20849 77471
2020-11-23 19:58:34	328297 1140661	62381 255195	44027 202123	30284 106378	20849 77471
2020-11-23 21:01:40	328297 1140661	62381 255195	44027 202123	30284 106378	20849 77471
2020-11-23 21:32:34	328297 1140661	62381 255195	44027 202123	30284 106378	20849 77471
2020-11-23 22:03:22	328297 1140661	62381 255195	44027 202123	30284 106378	20849 77471
2020-11-23 22:34:10	NA
2020-11-24 5:44:53	328306 1141275	62381 255419	44027 202198	30284 106420	20849 77519
2020-11-24 6:15:47	328306 1141275	62381 255419	44027 202198	30284 106420	20849 77519
2020-11-24 6:50:56	328306 1141275	62381 255419	44027 202198	30284 106420	20849 77519
2020-11-24 7:49:51	328306 1141275	62381 255419	44027 202246	30284 106451	20849 77519
2020-11-24 8:20:43	328306 1141275	62381 255419	44027 202246	30284 106451	20849 77519
2020-11-24 8:51:35	328306 1141275	62381 255419	44027 202246	30284 106451	20849 77519
2020-11-24 9:22:27	328306 1141275	62381 255419	44027 202246	30284 106451	20849 77519
2020-11-24 9:53:17	328306 1141275	62381 255419	44027 202246	30284 106451	20849 77519
2020-11-24 10:24:14	328306 1141275	62381 255536	44027 202246	30284 106451	20849 77519
2020-11-24 10:55:02	328306 1141275	62381 255536	44027 202246	30284 106451	20849 77519
2020-11-24 13:42:04	328306 1141681	62381 255536	44027 202246	30284 106451	20849 77557
2020-11-24 14:12:57	NA
2020-11-24 14:43:45	NA
2020-11-24 15:14:34	NA